NSET 1
NMEM 1
TVAR 0
CPHI 16 
CETA 14 -2.40 -2.10 -1.85 -1.60 -1.20 -0.80 -0.40  0.00  0.40  0.80  1.20  1.60  1.85  2.10  2.40 
RMIN  6 
RTRK 13 
RETA  7  0.00  0.40  0.80  1.20  1.60  1.85  2.10  2.40 
0   0 T 0  0    0.0000000   0.0000000   0.0000010   0.0001518   0.0020286   0.0117817   0.0641485   0.2567601   0.6204973   1.0000000   1.0000000   1.0000000   1.0000000   1.0000000
0   0 T 0  1    0.0000000   0.0000010   0.0000041   0.0000946   0.0013325   0.0117608   0.0615002   0.2301079   0.5944515   1.0000000   1.0000000   1.0000000   1.0000000   1.0000000
0   0 T 0  2    0.0000000   0.0000301   0.0005932   0.0063858   0.0405981   0.1491227   0.3863293   0.6938704   0.9133231   1.0000000   1.0000000   1.0000000   1.0000000   1.0000000
0   0 T 0  3    0.0000000   0.0000170   0.0001006   0.0018528   0.0158544   0.0745116   0.2346270   0.4798539   0.6742278   0.8078445   0.9457152   0.9970819   0.9999987   1.0000000
0   0 T 0  4    0.0000000   0.0000000   0.0000000   0.0000024   0.0000071   0.0000071   0.0000924   0.0015390   0.0174436   0.1078958   0.3831384   0.7893956   0.9842181   1.0000000
0   0 T 0  5    0.0000000   0.0000000   0.0000000   0.0000000   0.0000000   0.0000106   0.0001930   0.0040187   0.0440405   0.2044822   0.5098363   0.8502998   0.9999868   1.0000000
0   0 T 0  6    0.0000000   0.0000238   0.0002807   0.0020157   0.0111333   0.0406882   0.0873488   0.2713487   0.6798012   0.8992280   0.9775332   1.0000000   1.0000000   1.0000000
0   0 T 1  0    0.0000000   0.0000188   0.0001884   0.0013187   0.0061036   0.0295952   0.1334514   0.3969632   0.7537441   1.0000000   1.0000000   1.0000000   1.0000000   1.0000000
0   0 T 1  1    0.0000000   0.0000000   0.0001769   0.0007860   0.0054825   0.0269213   0.1141701   0.3616695   0.7282320   1.0000000   1.0000000   1.0000000   1.0000000   1.0000000
0   0 T 1  2    0.0000000   0.0001536   0.0023262   0.0161078   0.0734068   0.2253116   0.4914414   0.7684779   0.9399140   1.0000000   1.0000000   1.0000000   1.0000000   1.0000000
0   0 T 1  3    0.0000000   0.0001758   0.0006780   0.0064035   0.0345538   0.1265632   0.3201497   0.5514540   0.7220883   0.8542263   0.9631360   0.9983175   0.9999749   1.0000000
0   0 T 1  4    0.0000000   0.0000000   0.0000000   0.0000908   0.0000908   0.0002270   0.0006809   0.0099868   0.0564256   0.2134459   0.5209497   0.8536021   0.9899678   1.0000000
0   0 T 1  5    0.0000000   0.0001541   0.0001541   0.0001541   0.0002055   0.0007193   0.0053432   0.0297986   0.1244349   0.3405261   0.6285450   0.8923140   1.0000000   1.0000000
0   0 T 1  6    0.0000000   0.0000510   0.0007646   0.0063210   0.0259979   0.0700923   0.1768364   0.4265688   0.7563848   0.9244023   0.9817505   1.0000000   1.0000000   1.0000000
0   0 R 0  0    0.0104070   0.0104070   0.0104070   0.0104070   0.0104070   0.0104070   0.0102011   0.0101724   0.0100918   0.0100918   0.0100918   0.0100918   0.0100918
0   0 R 0  1    0.0122159   0.0122159   0.0122159   0.0122159   0.0122159   0.0122159   0.0118870   0.0118052   0.0116797   0.0116797   0.0116797   0.0116797   0.0116797
0   0 R 0  2    0.0178961   0.0178961   0.0178961   0.0178961   0.0178961   0.0171545   0.0162342   0.0145656   0.0127926   0.0127926   0.0127926   0.0127926   0.0127926
0   0 R 0  3    0.0198482   0.0198482   0.0198482   0.0198482   0.0198482   0.0196173   0.0195579   0.0195458   0.0195789   0.0190096   0.0183240   0.0183240   0.0183240
0   0 R 0  4    0.0196196   0.0196196   0.0196196   0.0196196   0.0196196   0.0196196   0.0196196   0.0196196   0.0196196   0.0195592   0.0196292   0.0194543   0.0194543
0   0 R 0  5    0.0261086   0.0261086   0.0261086   0.0261086   0.0261086   0.0261086   0.0261086   0.0261086   0.0261086   0.0243930   0.0237890   0.0225941   0.0225941
0   0 R 0  6    0.0432501   0.0432501   0.0432501   0.0432501   0.0432501   0.0432501   0.0432501   0.0366923   0.0305226   0.0305226   0.0305226   0.0305226   0.0305226
0   0 R 1  0    0.0000756   0.0000756   0.0000756   0.0000756   0.0000756   0.0000756   0.0000672   0.0000609   0.0000559   0.0000559   0.0000559   0.0000559   0.0000559
0   0 R 1  1    0.0000596   0.0000596   0.0000596   0.0000596   0.0000596   0.0000596   0.0000576   0.0000528   0.0000506   0.0000506   0.0000506   0.0000506   0.0000506
0   0 R 1  2    0.0000746   0.0000746   0.0000746   0.0000746   0.0000746   0.0000693   0.0000671   0.0000557   0.0000413   0.0000413   0.0000413   0.0000413   0.0000413
0   0 R 1  3    0.0000630   0.0000630   0.0000630   0.0000630   0.0000630   0.0000633   0.0000648   0.0000631   0.0000756   0.0000834   0.0000709   0.0000709   0.0000709
0   0 R 1  4    0.0000866   0.0000866   0.0000866   0.0000866   0.0000866   0.0000866   0.0000866   0.0000866   0.0000866   0.0000885   0.0000920   0.0000871   0.0000871
0   0 R 1  5    0.0001503   0.0001503   0.0001503   0.0001503   0.0001503   0.0001503   0.0001503   0.0001503   0.0001503   0.0001291   0.0001128   0.0001044   0.0001044
0   0 R 1  6    0.0004052   0.0004052   0.0004052   0.0004052   0.0004052   0.0004052   0.0004052   0.0002798   0.0001779   0.0001779   0.0001779   0.0001779   0.0001779
0   0 R 2  0    0.0000231   0.0000231   0.0000231   0.0000231   0.0000231   0.0000231   0.0000133   0.0000147   0.0000160   0.0000160   0.0000160   0.0000160   0.0000160
0   0 R 2  1    0.0000233   0.0000233   0.0000233   0.0000233   0.0000233   0.0000233   0.0000098   0.0000106   0.0000090   0.0000090   0.0000090   0.0000090   0.0000090
0   0 R 2  2    0.0000250   0.0000250   0.0000250   0.0000250   0.0000250   0.0000133   0.0000187   0.0000000   0.0000000   0.0000000   0.0000000   0.0000000   0.0000000
0   0 R 2  3    0.0000000   0.0000000   0.0000000   0.0000000   0.0000000   0.0000000   0.0000000   0.0000000   0.0000000   0.0000000   0.0000000   0.0000000   0.0000000
0   0 R 2  4    0.0000000   0.0000000   0.0000000   0.0000000   0.0000000   0.0000000   0.0000000   0.0000000   0.0000000   0.0000000   0.0000000   0.0000000   0.0000000
0   0 R 2  5    0.0000000   0.0000000   0.0000000   0.0000000   0.0000000   0.0000000   0.0000000   0.0000000   0.0000000   0.0000303   0.0000225   0.0000000   0.0000000
0   0 R 2  6    0.0000000   0.0000000   0.0000000   0.0000000   0.0000000   0.0000000   0.0000000   0.0000701   0.0000488   0.0000488   0.0000488   0.0000488   0.0000488
0   0 R 3  0    0.9827708   0.9827708   0.9827708   0.9827708   0.9827708   0.9827708   0.9789124   0.9765976   0.9779827   0.9779827   0.9779827   0.9779827   0.9779827
0   0 R 3  1    0.9788424   0.9788424   0.9788424   0.9788424   0.9788424   0.9788424   0.9785258   0.9782802   0.9780696   0.9780696   0.9780696   0.9780696   0.9780696
0   0 R 3  2    0.9771008   0.9771008   0.9771008   0.9771008   0.9771008   0.9750258   0.9714202   0.9740272   0.9857907   0.9857907   0.9857907   0.9857907   0.9857907
0   0 R 3  3    0.9848535   0.9848535   0.9848535   0.9848535   0.9848535   0.9856508   0.9870744   0.9874221   0.9867179   0.9871530   0.9942152   0.9942152   0.9942152
0   0 R 3  4    0.9919430   0.9919430   0.9919430   0.9919430   0.9919430   0.9919430   0.9919430   0.9919430   0.9919430   0.9842828   0.9797747   0.9850794   0.9850794
0   0 R 3  5    0.9824834   0.9824834   0.9824834   0.9824834   0.9824834   0.9824834   0.9824834   0.9824834   0.9824834   0.9797052   0.9811053   0.9840799   0.9840799
0   0 R 3  6    0.9638729   0.9638729   0.9638729   0.9638729   0.9638729   0.9638729   0.9638729   0.9783262   0.9748215   0.9748215   0.9748215   0.9748215   0.9748215
0   0 R 4  0    2.2157897   2.2157897   2.2157897   2.2157897   2.2157897   2.2157897   2.1875537   2.1869579   2.1954941   2.1954941   2.1954941   2.1954941   2.1954941
0   0 R 4  1    2.1014660   2.1014660   2.1014660   2.1014660   2.1014660   2.1014660   2.1834871   2.2096214   2.2044388   2.2044388   2.2044388   2.2044388   2.2044388
0   0 R 4  2    2.1374919   2.1374919   2.1374919   2.1374919   2.1374919   2.1082672   2.0706911   2.1071839   2.2872969   2.2872969   2.2872969   2.2872969   2.2872969
0   0 R 4  3    2.2071076   2.2071076   2.2071076   2.2071076   2.2071076   2.3056717   2.4005686   2.4132506   2.3753679   2.3361213   2.4205724   2.4205724   2.4205724
0   0 R 4  4    2.3222289   2.3222289   2.3222289   2.3222289   2.3222289   2.3222289   2.3222289   2.3222289   2.3222289   2.2472103   2.1772903   2.2667967   2.2667967
0   0 R 4  5    2.1856325   2.1856325   2.1856325   2.1856325   2.1856325   2.1856325   2.1856325   2.1856325   2.1856325   2.1778276   2.1975433   2.1948184   2.1948184
0   0 R 4  6    1.9099038   1.9099038   1.9099038   1.9099038   1.9099038   1.9099038   1.9099038   2.1540390   2.0780262   2.0780262   2.0780262   2.0780262   2.0780262
0   0 R 5  0    3.9611584   3.9611584   3.9611584   3.9611584   3.9611584   3.9611584   4.5925026   4.5461876   4.5887066   4.5887066   4.5887066   4.5887066   4.5887066
0   0 R 5  1    4.9937605   4.9937605   4.9937605   4.9937605   4.9937605   4.9937605   4.6136215   4.4792752   4.5265896   4.5265896   4.5265896   4.5265896   4.5265896
0   0 R 5  2    5.2625948   5.2625948   5.2625948   5.2625948   5.2625948   5.4951081   5.6506694   5.0916487   3.8804575   3.8804575   3.8804575   3.8804575   3.8804575
0   0 R 5  3    4.5502460   4.5502460   4.5502460   4.5502460   4.5502460   3.9273595   3.1467167   2.8577373   2.9829052   3.5048515   2.4991128   2.4991128   2.4991128
0   0 R 5  4    3.9740125   3.9740125   3.9740125   3.9740125   3.9740125   3.9740125   3.9740125   3.9740125   3.9740125   4.5564270   5.3157613   4.3129142   4.3129142
0   0 R 5  5    4.9528512   4.9528512   4.9528512   4.9528512   4.9528512   4.9528512   4.9528512   4.9528512   4.9528512   5.0195777   4.9872282   5.1986107   5.1986107
0   0 R 5  6    7.8799403   7.8799403   7.8799403   7.8799403   7.8799403   7.8799403   7.8799403   5.4984097   5.9936161   5.9936161   5.9936161   5.9936161   5.9936161
0   0 F 0       1.0058013   1.0078898   0.9865110   0.9879714   1.0013343   0.9998526   0.9817580
0   0 F 1       1.1250044   0.9971181   1.0456423   1.0699018   0.9976387   1.0970576   1.1119628
0   0 C 0 0  0 -0.1905126 -0.1524608 -0.2593831 -0.1863198 -0.2419080 -0.2152180 -0.2173916 -0.3119518 -0.1831323 -0.2243636 -0.2777163 -0.1446117 -0.2702145 -0.3156889 -0.2708064 -0.2561040
0   0 C 0 0  1 -0.1503784 -0.0593719 -0.2317537 -0.1433176  0.0225817 -0.1903703 -0.2100311 -0.0946757 -0.2220678 -0.0428561 -0.1146345 -0.1263657 -0.1754613 -0.0760771 -0.1660659 -0.1840109
0   0 C 0 0  2 -0.0171191 -0.0365734 -0.0969461 -0.0508601 -0.0259678 -0.1144138  0.0276209 -0.0276052 -0.0072307 -0.1409083 -0.0810409 -0.1281375 -0.0838923 -0.1884645 -0.0700755 -0.1073804
0   0 C 0 0  3 -0.0422293 -0.1031833 -0.1000736 -0.1175123 -0.1556912 -0.0231940 -0.0699469 -0.0316218 -0.0203989 -0.0865731 -0.0011215 -0.0962810 -0.0728511 -0.0857566 -0.0722118 -0.1299301
0   0 C 0 0  4  0.0103960 -0.0272243 -0.0247748  0.0021979 -0.0305244 -0.0270368 -0.0683511 -0.0326773 -0.0849524 -0.0441935  0.0184262 -0.0106452 -0.0361709  0.0332939 -0.0749274 -0.0052247
0   0 C 0 0  5 -0.0217134  0.0136148 -0.0201675  0.0124291 -0.0302534  0.0268673 -0.0094643  0.0401033 -0.0455742 -0.0076042  0.0051120  0.0742242 -0.0402669  0.0254437  0.0163132 -0.0490834
0   0 C 0 0  6  0.0362649 -0.0131826 -0.0563429  0.0734293  0.0311426  0.0240050 -0.0004925 -0.0113219 -0.0107447 -0.0535411  0.0323256  0.0262844  0.0383601 -0.0015872  0.0223764  0.0509065
0   0 C 0 0  7 -0.0679861  0.0596049  0.0468171 -0.0044974  0.0079541 -0.0000582 -0.0016310 -0.0112093  0.0017652  0.0746459  0.0133322 -0.0184215  0.0344469 -0.0006148  0.0547755 -0.0145290
0   0 C 0 0  8  0.0395814  0.0677356  0.0609349 -0.0743597  0.0223706 -0.0047713  0.0480924 -0.0233600  0.0119561  0.0162320 -0.0199900 -0.0243226 -0.0429737 -0.0186446 -0.0216467  0.0670392
0   0 C 0 0  9  0.0622792 -0.0257102  0.0134232  0.0240299  0.0110953 -0.0032497  0.0489705  0.0310690  0.0211752  0.0132641 -0.0535623 -0.0076100 -0.0023482  0.0200961 -0.0485220 -0.0655571
0   0 C 0 0 10 -0.0707406 -0.0908969  0.0070501 -0.0354777 -0.1279834 -0.0586027 -0.0223167 -0.0519383 -0.0361318 -0.1255142 -0.0715650  0.0392425 -0.0877591 -0.0818818 -0.0786536 -0.1028601
0   0 C 0 0 11 -0.0841697 -0.0860114 -0.0618278 -0.2006990  0.0044098 -0.1612118 -0.0685164  0.0113130 -0.0200012 -0.2199409 -0.1255081 -0.1041620 -0.2077519 -0.0216322 -0.1396279 -0.0610419
0   0 C 0 0 12 -0.2045564 -0.1301984 -0.2012154 -0.1780980 -0.0654895 -0.2755952 -0.1529790 -0.0719494 -0.1024632 -0.1210659 -0.1330843 -0.1460043 -0.1504701 -0.0674025 -0.0468209 -0.0983752
0   0 C 0 0 13 -0.3223680 -0.2000561 -0.2942474 -0.2911970 -0.2695682 -0.1821226 -0.1733169 -0.2604737 -0.2354109 -0.1941976 -0.2402095 -0.1844661 -0.3017819 -0.2097145 -0.3350590 -0.1503580
0   0 C 0 1  0  0.0118339  0.0049682  0.0041447  0.0000910  0.0042759  0.0097483  0.0088164  0.0034601  0.0047781  0.0055325  0.0064500  0.0080662  0.0125185  0.0075087  0.0116153  0.0119629
0   0 C 0 1  1  0.0009440 -0.0066426 -0.0108190 -0.0081935 -0.0076238 -0.0030807  0.0020500  0.0095267 -0.0040067 -0.0044936 -0.0021459 -0.0018387 -0.0067102 -0.0010510  0.0035726  0.0039818
0   0 C 0 1  2  0.0083647  0.0117096 -0.0109609 -0.0145299 -0.0136692 -0.0091757 -0.0055649  0.0001012 -0.0132564 -0.0111933 -0.0115956 -0.0132954 -0.0142016 -0.0061015 -0.0044720 -0.0044035
0   0 C 0 1  3 -0.0119333 -0.0153265 -0.0137233 -0.0152292 -0.0134184 -0.0155267 -0.0113526 -0.0127080 -0.0179429 -0.0166309 -0.0165050 -0.0159728 -0.0154172 -0.0129652 -0.0113625 -0.0126617
0   0 C 0 1  4 -0.0106256 -0.0121837 -0.0116203 -0.0108680 -0.0106251 -0.0094935 -0.0094256 -0.0107960 -0.0102035 -0.0133904 -0.0131678 -0.0138815 -0.0137908 -0.0115584 -0.0131211 -0.0130593
0   0 C 0 1  5 -0.0065366 -0.0050054 -0.0054231 -0.0049633 -0.0038789 -0.0057508 -0.0061966 -0.0048498 -0.0061937 -0.0078115 -0.0075027 -0.0074261 -0.0068316 -0.0062650 -0.0058259 -0.0055835
0   0 C 0 1  6  0.0003339 -0.0011939 -0.0000668  0.0011413 -0.0002114 -0.0009260 -0.0029069 -0.0029489 -0.0003537 -0.0032240 -0.0069783 -0.0057466 -0.0015334 -0.0019315 -0.0015937 -0.0016546
0   0 C 0 1  7  0.0037564  0.0031050  0.0055154  0.0050445  0.0047214  0.0026715  0.0059278  0.0040649  0.0007894 -0.0007308 -0.0015183 -0.0000958 -0.0002682  0.0001842  0.0028660  0.0013841
0   0 C 0 1  8  0.0023361  0.0051037  0.0079128  0.0093855  0.0081529  0.0059663  0.0064496  0.0062508  0.0052528  0.0045324  0.0030515  0.0035628  0.0028727  0.0040777  0.0053718  0.0046073
0   0 C 0 1  9  0.0061965  0.0086021  0.0090410  0.0110951  0.0125702  0.0132178  0.0116543  0.0118630  0.0109677  0.0095256  0.0073912  0.0074359  0.0098571  0.0077632  0.0082444  0.0076404
0   0 C 0 1 10  0.0087871  0.0101320  0.0115708  0.0133917  0.0117013  0.0132522  0.0128251  0.0131009  0.0115721  0.0114681  0.0103470  0.0110929  0.0115924  0.0101730  0.0130193  0.0108300
0   0 C 0 1 11  0.0092565  0.0050227  0.0085794  0.0088452  0.0081637  0.0107787  0.0102734  0.0100643  0.0092605  0.0094252  0.0078025  0.0070203  0.0118619  0.0127384  0.0140622  0.0111473
0   0 C 0 1 12  0.0035105  0.0021560  0.0084505  0.0059598  0.0049580  0.0026572  0.0041148  0.0061322  0.0047706  0.0060969  0.0031079  0.0048020  0.0098899  0.0131798  0.0097610  0.0060916
0   0 C 0 1 13 -0.0041656  0.0045773  0.0141575 -0.0021469  0.0006937 -0.0019256 -0.0053438  0.0004458 -0.0033287 -0.0028251 -0.0019395 -0.0024839  0.0015093  0.0084527  0.0061717  0.0017844
0   0 C 1 0  0 -0.6554147 -0.3976331 -0.1357132 -0.4496329 -0.0118998 -0.7538316 -0.6132421 -0.3191649 -0.5753828 -0.1447576 -0.0873553  0.0235599 -0.2621066 -0.5806662 -0.0296733 -0.7907167
0   0 C 1 0  1 -0.2096758  0.0924983 -0.3398574 -0.4907983 -0.0995616 -0.4614234 -0.4786223 -0.0185888 -0.3132182 -0.2988996 -0.3912008 -0.0039635 -0.5741468 -0.1722830 -0.0893496 -0.0577852
0   0 C 1 0  2 -0.0254235  0.1021774 -0.2730530 -0.1674950 -0.6622392 -0.1348563 -0.2868928 -0.0696862  0.2472990  0.0292997 -0.5452055 -0.3685355 -0.1853403  0.0567095 -0.1589547 -0.2063842
0   0 C 1 0  3 -0.2707554 -0.3527175 -0.3427103 -0.1434356 -0.0814068  0.0863643  0.0483934 -0.0524917 -0.3697671 -0.1944587 -0.1103275  0.1282856 -0.2144893  0.1213447 -0.0658228 -0.0854002
0   0 C 1 0  4 -0.4879030 -0.1036489 -0.0067565  0.1465657 -0.0677956 -0.0079598 -0.1075631 -0.2182808  0.0679951 -0.1448710 -0.0801350 -0.1466232 -0.1716611 -0.2012334 -0.1969357 -0.0783730
0   0 C 1 0  5 -0.2276362 -0.0691411 -0.0217650 -0.1630917 -0.0371693  0.0670890 -0.0905805 -0.1605243 -0.0796632 -0.1183151  0.0549907 -0.0049382 -0.1993525 -0.2449089  0.1145612  0.0682978
0   0 C 1 0  6 -0.0201451 -0.3211697 -0.1200975 -0.0890850  0.2141189  0.2182956 -0.3384287  0.0051353 -0.0365561 -0.3950237 -0.1097454 -0.4441160 -0.2067969  0.0386684 -0.0502171 -0.2051293
0   0 C 1 0  7 -0.0650443  0.0025769 -0.1167188 -0.0145499 -0.1736585 -0.2125791  0.0384841  0.0037027  0.2253655 -0.1109893 -0.0377169 -0.3226488 -0.3751676 -0.2311304 -0.1070299  0.1963049
0   0 C 1 0  8 -0.2018257  0.0537292  0.1169035 -0.1217924 -0.1571764 -0.1871428 -0.0618361 -0.0923132  0.0738594 -0.2207971  0.0649688 -0.1748486  0.1543101  0.1453012  0.0820222  0.2110504
0   0 C 1 0  9 -0.1034828 -0.0392657 -0.3914425  0.0155068 -0.2272115 -0.0242070 -0.1725402 -0.3409030 -0.2466970 -0.2130252 -0.1122067  0.0948025 -0.0632124 -0.1997303 -0.1306710 -0.2896813
0   0 C 1 0 10 -0.3412405 -0.1267543 -0.2663067 -0.0330382 -0.1635628 -0.2204175 -0.3832932 -0.2224836 -0.2141667 -0.4015640 -0.1556780 -0.5349960 -0.0981899 -0.2203946  0.0463672 -0.1557645
0   0 C 1 0 11  0.1413074 -0.0484922 -0.1975137 -0.1498118 -0.0478194 -0.6015069 -0.4204960 -0.1525319 -0.4592551 -0.0943675 -0.3015658 -0.3486615 -0.1894478 -0.1496293  0.0411777 -0.4098519
0   0 C 1 0 12 -0.0620557  0.0538397 -0.1693445 -0.1966795  0.1139712 -0.3202572 -0.3050469 -0.2812325 -0.4800575  0.0305557 -0.4255866 -0.3577578  0.2301075 -0.3009208 -0.0185558 -0.0576870
0   0 C 1 0 13 -0.0695223 -0.1076884 -0.2000611  0.0068483 -0.4436303 -0.1943496 -0.1501477 -0.6966527 -0.6025110 -0.1326229 -0.9487407 -0.7048329 -0.6937440 -0.0795953 -0.4167656 -0.4302910
0   0 C 1 1  0  0.0080181  0.0091201  0.0237452  0.0246599  0.0176622  0.0127128  0.0107773 -0.0188599  0.0113211 -0.0212240  0.0074425 -0.0153546 -0.0136924 -0.0178180 -0.0052342  0.0051906
0   0 C 1 1  1 -0.0075363  0.0133602 -0.0005642  0.0112448  0.0022048  0.0085803  0.0094282 -0.0149170 -0.0044909  0.0122708  0.0119669 -0.0044568 -0.0058511 -0.0170471 -0.0218597 -0.0002638
0   0 C 1 1  2  0.0059934  0.0046096  0.0065820  0.0062337  0.0050040 -0.0117207 -0.0052112 -0.0032549 -0.0018254  0.0066498 -0.0039144 -0.0053741  0.0080605 -0.0005547 -0.0127546  0.0048934
0   0 C 1 1  3  0.0002668  0.0059282  0.0090994  0.0046786 -0.0084405 -0.0062525 -0.0099306 -0.0046044  0.0016768  0.0069883  0.0006084  0.0112458  0.0069647 -0.0037152  0.0006864 -0.0076807
0   0 C 1 1  4  0.0029873  0.0017391 -0.0012452  0.0007787  0.0013539 -0.0037458 -0.0037358 -0.0046140  0.0044144  0.0125681 -0.0017873  0.0006693  0.0040261  0.0016325 -0.0010568  0.0064983
0   0 C 1 1  5  0.0010906  0.0054789  0.0027038  0.0028299  0.0022706 -0.0043104  0.0024209 -0.0008908  0.0077912  0.0057468 -0.0079456  0.0003071 -0.0036200  0.0076518  0.0021306 -0.0062993
0   0 C 1 1  6  0.0062179  0.0098090  0.0004281  0.0015314  0.0065076 -0.0033097 -0.0024152 -0.0082650  0.0032929  0.0023468 -0.0010621 -0.0003772  0.0043679 -0.0021396  0.0045216 -0.0019059
0   0 C 1 1  7  0.0072161  0.0061883 -0.0031832  0.0029772 -0.0048016 -0.0053591  0.0020055  0.0008495  0.0024653 -0.0032311 -0.0055986 -0.0044516 -0.0021769 -0.0002147  0.0010841  0.0036887
0   0 C 1 1  8  0.0043685  0.0068510  0.0013687  0.0025783 -0.0052502 -0.0022636 -0.0034802 -0.0064350  0.0036472 -0.0055487 -0.0017803 -0.0003600 -0.0028011 -0.0001942 -0.0018866 -0.0000692
0   0 C 1 1  9  0.0007886  0.0039209  0.0045054  0.0057710  0.0013500 -0.0077554 -0.0009417  0.0020601  0.0078095  0.0026262 -0.0015794  0.0009012 -0.0004841  0.0021435 -0.0040550  0.0014543
0   0 C 1 1 10  0.0140200  0.0104582  0.0082995  0.0084104  0.0094538  0.0040621 -0.0060809  0.0006966  0.0068417  0.0008363  0.0004230  0.0142185  0.0034367  0.0081949  0.0075182  0.0046291
0   0 C 1 1 11  0.0099828  0.0276003  0.0131868  0.0093036  0.0132403  0.0070004  0.0115714  0.0124882  0.0172454  0.0179734  0.0143101  0.0040688 -0.0037331  0.0072473 -0.0025981  0.0076253
0   0 C 1 1 12  0.0044647  0.0301059  0.0186321  0.0239012 -0.0005681  0.0133802  0.0166785  0.0045742  0.0261133  0.0225814  0.0176728  0.0045526 -0.0153560 -0.0050949 -0.0112592 -0.0033626
0   0 C 1 1 13 -0.0180812  0.0128990  0.0171507  0.0324638  0.0388970  0.0272545  0.0400337  0.0208557  0.0322642  0.0119346  0.0103348 -0.0174107 -0.0189004 -0.0167011 -0.0053627 -0.0334845
